0.000000 0.000007 0.000200 0.001713 0.000005 0.004760 0.010081 0.000197 0.000316 0.998178 0.000719 0.000035 0.000068 0.000042 0.000030 0.003456 0.000024 0.000076 0.000090 0.000204 0.006607 0.000013 0.999950 0.000069 0.000279 0.000213 0.000031 0.000001 0.001259 0.009415 0.000016 0.000040 0.000002 0.999443 0.000008 0.000103 0.000023 0.000012 0.000105 0.000612
0.000008 0.000000 0.000005 0.000008 0.000010 0.000532 0.000022 0.000040 0.000042 0.000020 0.000052 0.000006 0.000065 0.000000 0.000444 0.000056 0.000466 0.000053 0.000154 0.000008 0.000027 0.000003 0.999984 0.999387 0.000011 0.000010 0.000011 0.088401 0.000003 0.000016 0.000004 0.000023 0.000090 0.000043 0.000014 0.000000 0.000030 0.000007 0.000055 0.999986
0.000019 0.001012 0.000000 0.000344 0.000002 0.000005 0.998581 0.000102 0.000125 0.480149 0.000008 0.000105 0.000001 0.017359 0.001235 0.000181 0.001086 0.000001 0.000073 0.000004 0.000118 0.000058 0.999970 0.999982 0.000631 0.000011 0.000037 0.000014 0.001113 0.999975 0.000010 0.000074 0.000020 0.994511 0.000194 0.000003 0.004012 0.000706 0.000287 0.999333
0.000008 0.000248 0.000018 0.000000 0.000015 0.000008 0.000004 0.000067 0.000003 0.000039 0.000073 0.000002 0.000018 0.000036 0.000020 0.000230 0.000012 0.000093 0.999039 0.000001 0.000024 0.000003 0.999990 0.999994 0.000020 0.000001 0.000018 0.000003 0.000050 0.999868 0.000048 0.000052 0.000045 0.000003 0.000139 0.000000 0.000467 0.000130 0.000013 0.984279
0.000577 0.000719 0.000212 0.000469 0.000000 0.001266 0.000011 0.000048 0.000376 0.999780 0.004272 0.001204 0.001302 0.003072 0.001880 0.000482 0.000013 0.000032 0.000057 0.006882 0.013834 0.000041 0.992015 0.999993 0.003448 0.000212 0.000341 0.003925 0.000017 0.000118 0.000040 0.001186 0.003041 0.001034 0.000082 0.000000 0.000131 0.003304 0.001101 0.999993
0.999588 0.000004 0.000036 0.000015 0.000384 0.000000 0.000014 0.000067 0.000009 0.999987 0.000019 0.000011 0.000098 0.000004 0.000023 0.000135 0.000033 0.000017 0.000011 0.000010 0.000013 0.000003 0.999858 0.999987 0.000019 0.000009 0.000038 0.000010 0.000225 0.999916 0.000007 0.000022 0.000001 0.000045 0.000003 0.000029 0.000011 0.047288 0.000023 0.027614
0.958302 0.000027 0.008419 0.000237 0.000040 0.000003 0.000000 0.000875 0.000122 0.999247 0.000157 0.006881 0.000022 0.000430 0.000090 0.000102 0.000094 0.000205 0.000171 0.000034 0.000324 0.000061 0.999970 0.999991 0.000044 0.000052 0.000158 0.000167 0.001961 0.000019 0.004178 0.000423 0.002150 0.000282 0.006283 0.000116 0.000566 0.000276 0.000334 0.999967
0.000043 0.000006 0.000001 0.000006 0.000012 0.000017 0.000038 0.000000 0.000007 0.000408 0.000003 0.000020 0.000003 0.000077 0.000019 0.000001 0.000020 0.000138 0.996498 0.000048 0.000009 0.000045 0.998462 0.999983 0.000007 0.000035 0.000013 0.000014 0.000014 0.000117 0.000213 0.000015 0.000054 0.000012 0.000015 0.000071 0.000283 0.000067 0.000004 0.999880
0.000018 0.000940 0.001365 0.000187 0.999429 0.000001 0.997280 0.000004 0.000000 0.000008 0.000093 0.000016 0.000000 0.110734 0.000162 0.000067 0.000091 0.000045 0.004179 0.000214 0.000005 0.000188 0.992383 0.999960 0.000003 0.997678 0.000085 0.000588 0.992944 0.000012 0.008106 0.000075 0.000019 0.000043 0.000116 0.000286 0.000804 0.000004 0.000399 0.000179
0.000110 0.000003 0.000140 0.000047 0.000074 0.001477 0.000068 0.220883 0.000114 0.000000 0.004266 0.000004 0.000076 0.000244 0.000306 0.000070 0.000083 0.000122 0.066763 0.000086 0.004013 0.002277 0.999978 0.997704 0.000555 0.000572 0.009186 0.081403 0.011067 0.000019 0.046845 0.000207 0.004057 0.949710 0.009584 0.000002 0.000525 0.277903 0.046755 0.994321
0.000040 0.003830 0.999409 0.001368 0.000014 0.000001 0.000008 0.000007 0.000075 0.999507 0.000000 0.000018 0.000019 0.000251 0.000039 0.000728 0.000004 0.000049 0.000056 0.000025 0.000001 0.000008 0.999991 0.999972 0.000020 0.000015 0.000173 0.000000 0.000005 0.000178 0.000001 0.000015 0.000008 0.000005 0.000016 0.000000 0.000005 0.000008 0.000008 0.999964
0.000016 0.001120 0.000969 0.000137 0.001737 0.000000 0.000012 0.000050 0.000007 0.000526 0.000198 0.000000 0.000014 0.000010 0.000002 0.000010 0.000023 0.000003 0.001429 0.000081 0.000031 0.000009 0.999897 0.998900 0.000231 0.000071 0.000025 0.000025 0.000023 0.000042 0.000014 0.000012 0.000037 0.000225 0.001747 0.000004 0.000083 0.000107 0.000018 0.999990
0.000028 0.000001 0.000015 0.000021 0.000801 0.000004 0.000010 0.000018 0.000006 0.999376 0.000005 0.000005 0.000000 0.002795 0.000871 0.000062 0.000022 0.000214 0.000003 0.000001 0.000005 0.000037 0.993814 0.000070 0.000025 0.000024 0.000042 0.000000 0.000002 0.999959 0.000001 0.000143 0.000067 0.000170 0.000001 0.000001 0.000729 0.000175 0.000079 0.000161
0.000000 0.000000 0.000000 0.000000 0.000000 0.000000 0.000000 0.000000 0.000000 0.000000 0.000000 0.000000 0.000000 0.000000 0.000000 0.000000 0.000001 0.000000 0.000000 0.000000 0.000000 0.000000 0.000000 0.000000 0.000000 0.000000 0.000000 0.000000 0.000000 0.000000 0.000000 0.000000 0.000000 0.000000 0.000000 0.000000 0.000000 0.000000 0.000000 0.000000
0.000054 0.000069 0.000023 0.998092 0.000111 0.031487 0.000093 0.000012 0.000022 0.000000 0.000009 0.000014 0.000039 0.000100 0.000000 0.000027 0.000035 0.000013 0.000436 0.000140 0.000112 0.000021 0.999798 0.999909 0.000304 0.000165 0.000143 0.000074 0.000040 0.000051 0.000011 0.000348 0.000214 0.000006 0.000098 0.000011 0.000298 0.017760 0.000030 0.000189
0.000013 0.000365 0.000008 0.000144 0.000103 0.000014 0.000002 0.000286 0.000011 0.000086 0.000008 0.000025 0.000019 0.998397 0.000033 0.000000 0.000004 0.000066 0.000425 0.000683 0.000003 0.000031 0.996404 0.000055 0.000082 0.000010 0.000081 0.000002 0.001080 0.000071 0.000000 0.000140 0.000024 0.000060 0.000071 0.000010 0.000656 0.000041 0.000014 0.995467
0.000033 0.000102 0.000011 0.000117 0.000052 0.000621 0.999594 0.999674 0.000008 0.999994 0.000063 0.000114 0.029197 0.000031 0.000541 0.000214 0.000000 0.000017 0.000033 0.000013 0.000347 0.000006 0.000060 0.000038 0.000041 0.000021 0.000059 0.000002 0.999777 0.999924 0.000262 0.000307 0.000016 0.000044 0.000021 0.000000 0.000013 0.000090 0.000029 0.996772
0.000050 0.000022 0.000011 0.000004 0.000084 0.000001 0.000001 0.000027 0.000002 0.999041 0.000006 0.000048 0.000017 0.000009 0.003179 0.998431 0.000079 0.000000 0.000003 0.000016 0.000005 0.000002 0.999986 0.994425 0.000028 0.000048 0.000022 0.000015 0.000002 0.000044 0.000000 0.000028 0.000008 0.000025 0.000019 0.000002 0.000006 0.000001 0.000075 0.999979
0.000216 0.000120 0.000029 0.000039 0.000082 0.000137 0.000038 0.000323 0.000062 0.000059 0.000037 0.000035 0.000005 0.000269 0.000045 0.000026 0.000013 0.000060 0.000000 0.000159 0.000150 0.000187 0.990794 0.000060 0.000024 0.001803 0.000090 0.000028 0.000068 0.000095 0.000003 0.000108 0.004829 0.000204 0.000011 0.000006 0.000863 0.000157 0.000453 0.999997
0.000636 0.000003 0.004161 0.000434 0.000003 0.000062 0.000035 0.000103 0.000004 0.000693 0.000294 0.000011 0.000661 0.000370 0.010106 0.868086 0.000050 0.000019 0.997438 0.000000 0.000068 0.008772 0.999996 0.998866 0.000264 0.000005 0.000084 0.000000 0.000063 0.967740 0.000013 0.000055 0.000011 0.000163 0.005708 0.000001 0.002742 0.000010 0.000022 0.999987
0.999996 0.002193 0.000037 0.000044 0.000247 0.007859 0.997690 0.000004 0.000100 0.999981 0.000018 0.000104 0.000274 0.002122 0.000061 0.000001 0.000175 0.000139 0.001436 0.000254 0.000000 0.000103 0.999992 0.000245 0.000830 0.000005 0.000041 0.001827 0.000120 0.999362 0.000002 0.000032 0.050101 0.000770 0.000177 0.000000 0.993453 0.000215 0.000208 0.000033
0.000059 0.000090 0.000072 0.000019 0.000019 0.000008 0.000011 0.000004 0.000007 0.000015 0.000057 0.000004 0.000032 0.000229 0.000046 0.000179 0.000015 0.000022 0.000049 0.000005 0.000214 0.000000 0.999999 0.999034 0.000013 0.000016 0.000055 0.000000 0.000017 0.000088 0.000154 0.000017 0.000000 0.999092 0.000044 0.000017 0.000016 0.000092 0.000002 0.999971
0.000022 0.000002 0.002126 0.000214 0.999164 0.000041 0.000040 0.000149 0.000173 0.000013 0.000114 0.000019 0.000014 0.005666 0.000655 0.000027 0.000149 0.000001 0.000994 0.000105 0.000017 0.000007 0.000000 0.999510 0.000696 0.111941 0.001851 0.000209 0.013644 0.999822 0.007037 0.000002 0.004951 0.000650 0.000661 0.000005 0.000328 0.003440 0.000015 0.999960
0.000039 0.004443 0.000227 0.000667 0.000515 0.003273 0.999870 0.000286 0.000196 0.999323 0.000083 0.000051 0.000055 0.083963 0.000244 0.000067 0.000239 0.000307 0.004537 0.000432 0.000181 0.000221 0.999895 0.000000 0.000276 0.000023 0.999677 0.092516 0.000747 0.000065 0.002790 0.000105 0.000049 0.000069 0.002938 0.094863 0.006296 0.000006 0.003625 0.999387
0.000015 0.000042 0.000010 0.000017 0.000058 0.000000 0.000004 0.000006 0.000063 0.000275 0.000000 0.000010 0.000005 0.000003 0.000001 0.000688 0.000015 0.000009 0.000002 0.000001 0.000015 0.000013 0.023643 0.999911 0.000000 0.000032 0.000002 0.006902 0.008204 0.999981 0.000002 0.000002 0.000234 0.000023 0.000006 0.000167 0.000001 0.000013 0.000011 0.971554
0.000121 0.000006 0.999123 0.000007 0.000068 0.004724 0.999945 0.000041 0.998577 0.999852 0.000077 0.000107 0.000002 0.000108 0.000750 0.000022 0.000041 0.000008 0.000013 0.000014 0.000038 0.000014 0.000055 0.995211 0.000003 0.000000 0.000884 0.005374 0.000273 0.000019 0.000014 0.000001 0.000006 0.000024 0.000068 0.000000 0.000012 0.261877 0.000008 0.999974
0.000000 0.000000 0.000000 0.000000 0.000000 0.000000 0.000000 0.000000 0.000000 0.000000 0.000000 0.000000 0.000000 0.000000 0.000000 0.000000 0.000000 0.000000 0.000000 0.000000 0.000000 0.000000 0.000000 0.000000 0.000000 0.000000 0.000000 0.000000 0.000000 0.000000 0.000000 0.000000 0.000000 0.000000 0.000000 0.000000 0.000000 0.000000 0.000000 0.000000
0.000030 0.000118 0.000099 0.000108 0.000176 0.000014 0.000009 0.000001 0.000035 0.000035 0.000209 0.000167 0.000000 0.000031 0.000014 0.000568 0.000084 0.001165 0.000061 0.000069 0.371473 0.000073 0.955423 0.000155 0.000016 0.000007 0.000034 0.000000 0.000108 0.000186 0.000030 0.740515 0.000006 0.000247 0.000049 0.000010 0.000005 0.990507 0.000054 0.000007
0.000002 0.000011 0.000004 0.000011 0.000001 0.000142 0.000063 0.000069 0.000069 0.998013 0.000037 0.000021 0.000069 0.000122 0.000930 0.000028 0.992036 0.000154 0.000126 0.000003 0.000006 0.000012 0.000128 0.999935 0.000001 0.000010 0.000007 0.000053 0.000000 0.000089 0.000193 0.000057 0.000002 0.000021 0.000082 0.000234 0.001614 0.000012 0.000015 0.999956
0.000021 0.000002 0.000089 0.000494 0.000108 0.000219 0.995627 0.000019 0.000031 0.999959 0.000210 0.025829 0.002921 0.000149 0.000792 0.000049 0.000094 0.000028 0.000013 0.000122 0.000089 0.001624 0.999771 0.000331 0.000003 0.000182 0.000031 0.000022 0.000050 0.000000 0.000002 0.000004 0.000004 0.998488 0.000001 0.002784 0.000005 0.000896 0.000081 0.999948
0.000308 0.000194 0.000038 0.000048 0.000008 0.000267 0.000029 0.000009 0.000003 0.000017 0.000011 0.000003 0.000111 0.000000 0.000003 0.999949 0.000015 0.000017 0.000003 0.000010 0.000028 0.000001 0.000003 0.000014 0.000000 0.132605 0.000031 0.000024 0.000008 0.000275 0.000000 0.000004 0.000000 0.000082 0.000013 0.000051 0.999804 0.000002 0.000008 0.000058
0.000076 0.001203 0.000013 0.000033 0.999708 0.000036 0.000062 0.000021 0.000019 0.999847 0.000099 0.000403 0.000015 0.000024 0.001186 0.001585 0.000011 0.000059 0.000027 0.000061 0.000159 0.000131 0.981008 0.000035 0.000592 0.000232 0.000006 0.000002 0.996294 0.000071 0.005440 0.000000 0.006788 0.000091 0.000000 0.000003 0.000036 0.013059 0.000166 0.999140
0.000038 0.000030 0.981617 0.000006 0.000083 0.000022 0.000030 0.000016 0.000052 0.000026 0.000004 0.000019 0.000002 0.000011 0.000018 0.000010 0.000009 0.000024 0.000006 0.000050 0.000069 0.000006 0.999908 0.669464 0.000007 0.000007 0.000018 0.000005 0.000014 0.000023 0.000007 0.000017 0.000000 0.000051 0.000095 0.000002 0.000018 0.000001 0.000005 0.999983
0.994384 0.000773 0.998152 0.006901 0.000089 0.000354 0.000009 0.000330 0.000046 0.999944 0.001240 0.000014 0.000037 0.000020 0.000295 0.000580 0.000016 0.001087 0.000254 0.005398 0.000165 0.000033 0.000074 0.999859 0.000019 0.000107 0.000003 0.000968 0.000126 0.000031 0.000031 0.007506 0.000249 0.000000 0.000177 0.000065 0.000216 0.039245 0.000049 0.999678
0.000001 0.000070 0.000061 0.000004 0.000027 0.000087 0.000003 0.000019 0.000009 0.000026 0.000014 0.000031 0.000001 0.000002 0.000124 0.000013 0.000090 0.000002 0.000004 0.000039 0.000002 0.000010 0.999998 0.999786 0.000002 0.000038 0.000029 0.000063 0.000009 0.000067 0.000001 0.000003 0.000020 0.000011 0.000000 0.000002 0.000006 0.000005 0.000012 0.999990
0.000002 0.000001 0.000000 0.000000 0.000001 0.000000 0.000014 0.000000 0.000000 0.000002 0.000000 0.000000 0.000001 0.000000 0.000001 0.000001 0.000000 0.000000 0.000000 0.000000 0.000001 0.000001 0.000001 0.000001 0.000000 0.000001 0.000002 0.000000 0.000000 0.000394 0.000000 0.000000 0.000001 0.000001 0.000000 0.000000 0.000000 0.000000 0.000000 0.000043
0.000326 0.000085 0.000171 0.000000 0.000091 0.000000 0.001965 0.000359 0.000082 0.000065 0.545005 0.000182 0.000012 0.000442 0.010276 0.999471 0.000010 0.000005 0.000219 0.000226 0.000009 0.000032 0.999056 0.000046 0.999993 0.004884 0.999868 0.000042 0.000662 0.000217 0.000003 0.000095 0.000775 0.000105 0.001567 0.000015 0.000000 0.000001 0.001436 0.000039
0.000025 0.000010 0.000009 0.000164 0.000070 0.000003 0.000011 0.000038 0.000040 0.000117 0.000008 0.000049 0.000016 0.000002 0.000008 0.000003 0.000056 0.000005 0.000004 0.000013 0.000013 0.000000 0.962578 0.999714 0.000007 0.000040 0.000030 0.000002 0.000013 0.000043 0.000004 0.000033 0.000015 0.000041 0.000020 0.000001 0.000017 0.000000 0.000126 0.999977
0.000081 0.000052 0.000300 0.000757 0.000083 0.000018 0.000051 0.000352 0.000021 0.999947 0.000166 0.000022 0.000185 0.000127 0.001571 0.000015 0.000314 0.000012 0.000216 0.007110 0.000020 0.001241 0.999957 0.999991 0.000242 0.000020 0.000265 0.000044 0.000712 0.000014 0.000263 0.000081 0.001644 0.000024 0.000066 0.000005 0.000016 0.002717 0.000000 0.999996
0.013930 0.008486 0.000115 0.000697 0.000488 0.006257 0.392205 0.000960 0.000465 0.999705 0.098614 0.000005 0.087695 0.000043 0.000144 0.003521 0.000065 0.000000 0.000041 0.001090 0.014452 0.000071 0.999989 0.196100 0.002277 0.015920 0.000272 0.001576 0.000187 0.000011 0.000000 0.000006 0.000266 0.011290 0.004752 0.000684 0.053462 0.000009 0.000067 0.000000
