0.000000000000000000e+00 8.223335129653798784e-04 8.796606941985753506e-04 2.506608745169495167e-01 8.778305108550499020e-04 3.830233075628770856e-02 3.358769654377059214e-03 6.204721626430925729e-02 1.054176849006459955e-03 1.692673366260703458e-02
9.769586891350486718e-03 0.000000000000000000e+00 5.201816955964870797e-04 2.143813064643764962e-02 4.249667943455128633e-02 5.375786681062436623e-01 4.892773891276592894e-03 7.123224393459691526e-04 8.712726588749747370e-04 2.885039113678233846e-02
5.208440876274912168e-04 1.021114803272121611e-02 0.000000000000000000e+00 2.767728731337869286e-03 2.337035376365021941e-04 5.496634941553952452e-04 3.298615562437104669e-03 4.020044640049247504e-03 6.859344563227554297e-04 2.074889533964736042e-03
1.458990361142520863e-02 1.000495838733522075e-02 6.855231434099023913e-02 0.000000000000000000e+00 8.625078331452243896e-01 1.253313415483263936e-03 4.607207312935817332e-03 2.114876849933712902e-02 3.051366496156202729e-02 2.552920212383674725e-02
5.952360098594912038e-03 1.829339651010178629e-03 1.822232344865195664e-03 9.999084212149397244e-01 0.000000000000000000e+00 6.210256798294629954e-01 8.826656697248979689e-04 9.154149415090976282e-05 2.176765084969409757e-03 7.045930447468342706e-04
6.308693622711608173e-04 9.980439733258281709e-01 5.059927388396964851e-04 1.691436943153258447e-04 9.999014556764058703e-01 0.000000000000000000e+00 7.712826907005650265e-05 2.232213305394714273e-04 5.533739978737571650e-04 4.585831869604431454e-01
9.475827341579088348e-01 6.105421060819271259e-03 2.887176755549735255e-02 1.693538931198813186e-02 3.418232487106898001e-03 2.547362648258538059e-02 0.000000000000000000e+00 8.329525388095432911e-04 4.753946235441658397e-02 1.058642360326164933e-01
3.330606514115046907e-02 1.299722504579386290e-02 5.977583755560311220e-03 4.281597561722714357e-02 4.971872786934900066e-04 3.266941247439857782e-02 7.915076191469702649e-02 0.000000000000000000e+00 2.213827525381160261e-02 1.450275927976224944e-03
4.525384943845139896e-01 1.062496196174293837e-03 8.480625504951937177e-02 1.305721080427863223e-01 3.388420683732924939e-03 7.032599622199682543e-02 1.998819355823235056e-01 2.939506004690264213e-02 0.000000000000000000e+00 1.319256117325379521e-02
1.908210433020288003e-04 8.050492289604733662e-04 2.653489919803696945e-03 9.287328127400870659e-02 1.208892698782092351e-01 9.993825524633500601e-01 8.731789280535689514e-04 3.404149199885006961e-03 6.066456118991791352e-02 0.000000000000000000e+00
