0.000000 0.001990 0.000030 0.000488 0.000016 0.002280 0.000376 0.000170 0.000088 0.000028 0.000081 0.000034 0.000114 0.000080 0.000060 0.000316 0.000048 0.000036 0.000141 0.353906 0.000002 0.000026 0.000305 0.000040 0.000043 0.190319 0.000038 0.000309 0.000184 0.000083 0.000001 0.000000 0.000017 0.000004 0.007507 0.000125 0.002476 0.999997 0.000279 0.000156
0.000009 0.000000 0.020595 0.000005 0.000021 0.000009 0.000001 0.000011 0.000004 0.000017 0.000003 0.000010 0.000002 0.000013 0.000062 0.000003 0.000004 0.000047 0.000006 0.000001 0.000007 0.000001 0.957462 0.000005 0.000621 0.000043 0.000004 0.000013 0.000015 0.000002 0.000101 0.000011 0.000000 0.000005 0.000148 0.000025 0.000001 0.999988 0.000041 0.000008
0.000071 0.000196 0.000000 0.000276 0.000023 0.000009 0.000055 0.000306 0.000132 0.973974 0.000028 0.000185 0.000051 0.000541 0.000134 0.004143 0.000159 0.000092 0.000012 0.007018 0.009935 0.000010 0.999373 0.000117 0.000111 0.001206 0.000068 0.000146 0.000331 0.000007 0.000014 0.000017 0.000023 0.000026 0.001724 0.007639 0.022122 0.986586 0.000483 0.000152
0.000006 0.000011 0.000031 0.000000 0.000009 0.000002 0.000002 0.001561 0.000037 0.022914 0.000031 0.000010 0.000020 0.000009 0.000001 0.000499 0.000049 0.000019 0.000001 0.000007 0.000028 0.000099 0.786877 0.000003 0.000013 0.000150 0.000079 0.000003 0.999958 0.000026 0.000005 0.000000 0.000005 0.000054 0.000043 0.000122 0.000005 0.999781 0.000000 0.000028
0.000076 0.000266 0.000022 0.000003 0.000000 0.001699 0.000736 0.000793 0.000099 0.001497 0.000041 0.000123 0.000132 0.000031 0.000037 0.007486 0.000035 0.000034 0.002683 0.000011 0.000224 0.000105 0.994498 0.000096 0.000024 0.936172 0.000338 0.000014 0.999847 0.000035 0.000020 0.000001 0.000002 0.000029 0.000049 0.000181 0.000009 0.999996 0.000061 0.000236
0.000029 0.000038 0.000021 0.000000 0.000020 0.000000 0.000014 0.000003 0.000004 0.000113 0.000070 0.000139 0.000006 0.000042 0.000035 0.000017 0.000013 0.000022 0.000140 0.000001 0.000019 0.000058 0.999943 0.000008 0.000079 0.179723 0.000007 0.000010 0.000142 0.000016 0.000002 0.000006 0.000000 0.000014 0.000041 0.000030 0.000002 0.999985 0.000017 0.000006
0.000011 0.000025 0.000237 0.000074 0.000078 0.001111 0.000000 0.000020 0.303895 0.000019 0.000076 0.000070 0.000006 0.000389 0.000148 0.000036 0.000011 0.000018 0.000380 0.000018 0.000022 0.000000 0.999987 0.000013 0.000035 0.000238 0.000033 0.000056 0.999795 0.000013 0.015922 0.000020 0.000006 0.000088 0.000004 0.000364 0.951232 0.999996 0.000022 0.000053
0.000045 0.000013 0.037191 0.000012 0.000414 0.000081 0.000041 0.000000 0.000042 0.000093 0.000259 0.000028 0.000014 0.000087 0.000046 0.000101 0.000198 0.000005 0.000041 0.000724 0.000012 0.000005 0.999926 0.000035 0.000816 0.000192 0.000016 0.000020 0.999880 0.000024 0.001088 0.000003 0.014204 0.000049 0.000830 0.000138 0.000889 0.999990 0.000027 0.000117
0.000062 0.000006 0.000525 0.000005 0.000153 0.000034 0.018489 0.000111 0.000000 0.998420 0.000013 0.000054 0.000015 0.000017 0.000002 0.000072 0.000023 0.000067 0.000041 0.000004 0.000056 0.000180 0.999991 0.000060 0.000195 0.000203 0.000015 0.000163 0.000159 0.000074 0.002025 0.000041 0.000003 0.000031 0.000027 0.000003 0.000090 0.999849 0.000011 0.000153
0.000058 0.000011 0.000278 0.000224 0.000221 0.000083 0.000020 0.000012 0.000161 0.000000 0.000088 0.000196 0.000156 0.000175 0.000272 0.000149 0.000896 0.002044 0.000014 0.002352 0.000197 0.000859 0.990316 0.003640 0.001125 0.992543 0.000088 0.000381 0.996625 0.000051 0.000003 0.236258 0.000004 0.000044 0.000280 0.001837 0.000045 0.999699 0.000233 0.000116
0.000005 0.000003 0.000193 0.000063 0.000095 0.000020 0.000038 0.974753 0.000079 0.000014 0.000000 0.000017 0.000017 0.000007 0.000041 0.000113 0.000080 0.000077 0.000005 0.000104 0.000061 0.000156 0.999873 0.000036 0.000005 0.999519 0.000080 0.000053 0.000169 0.000028 0.002624 0.000041 0.000001 0.000102 0.000077 0.000048 0.000023 0.999980 0.000003 0.000904
0.000020 0.000002 0.000009 0.000454 0.000034 0.005446 0.000007 0.000129 0.000037 0.999830 0.000131 0.000000 0.000121 0.000049 0.000359 0.000010 0.000000 0.000042 0.000042 0.000011 0.000052 0.000008 0.999971 0.000097 0.000005 0.997526 0.000019 0.000034 0.000023 0.000106 0.000008 0.004145 0.000043 0.000009 0.000183 0.000008 0.000142 0.999978 0.000005 0.000044
0.000039 0.000008 0.999341 0.000048 0.000334 0.000023 0.000192 0.000013 0.000046 0.042640 0.000816 0.000787 0.000000 0.000009 0.000016 0.000029 0.000056 0.000648 0.000001 0.000023 0.000020 0.000009 0.999297 0.000109 0.000004 0.999848 0.000004 0.000046 0.998383 0.000005 0.000001 0.000003 0.000000 0.000038 0.000002 0.000102 0.000242 0.999980 0.000027 0.000007
0.000021 0.000011 0.000146 0.000007 0.000035 0.000002 0.000001 0.000001 0.000055 0.000053 0.000129 0.000008 0.000001 0.000000 0.000028 0.000007 0.000043 0.000008 0.000036 0.000079 0.000038 0.000008 0.990570 0.000008 0.000001 0.999924 0.000001 0.000008 0.000037 0.000009 0.000000 0.000001 0.000001 0.000170 0.000004 0.000027 0.000015 0.002852 0.000002 0.000004
0.000241 0.000224 0.000122 0.000050 0.000037 0.000551 0.000034 0.000033 0.000002 0.994589 0.000268 0.000036 0.000034 0.000005 0.000000 0.000050 0.000008 0.000001 0.000235 0.000022 0.000058 0.000005 0.998565 0.000030 0.000116 0.999814 0.000011 0.000023 0.000504 0.000151 0.000001 0.000113 0.000007 0.000019 0.000480 0.000058 0.000304 0.999987 0.000218 0.000639
0.000019 0.000000 0.000413 0.000120 0.000101 0.000129 0.000007 0.000001 0.000039 0.998254 0.000001 0.000013 0.000004 0.000008 0.000004 0.000000 0.000030 0.000006 0.000024 0.000044 0.000035 0.000019 0.999637 0.000017 0.000009 0.000154 0.000002 0.000025 0.000065 0.000026 0.000000 0.000164 0.000816 0.000196 0.000017 0.000003 0.000054 0.997948 0.000002 0.000003
0.000003 0.000009 0.000070 0.000014 0.000038 0.000006 0.000006 0.000007 0.000002 0.058137 0.000002 0.000172 0.000001 0.000026 0.000006 0.000069 0.000000 0.000161 0.000009 0.000045 0.000003 0.000038 0.999979 0.000027 0.000029 0.000053 0.000021 0.000002 0.000077 0.000014 0.000020 0.000053 0.000000 0.000025 0.000034 0.000015 0.000014 0.999975 0.000016 0.000021
0.000006 0.000042 0.000007 0.000361 0.000007 0.000002 0.000012 0.000026 0.000001 0.006201 0.000005 0.000019 0.000007 0.000007 0.000005 0.000002 0.000000 0.000000 0.000002 0.000001 0.000004 0.000011 0.363077 0.000003 0.000157 0.999787 0.000001 0.000004 0.025172 0.000001 0.000004 0.000005 0.000002 0.000000 0.000013 0.000017 0.000128 0.998807 0.000667 0.000236
0.000028 0.000006 0.000031 0.000011 0.000020 0.000076 0.000412 0.000034 0.000035 0.000066 0.000157 0.000003 0.000073 0.000076 0.000010 0.000017 0.052250 0.000003 0.000000 0.000144 0.001152 0.000019 0.899160 0.000066 0.000020 0.969703 0.000414 0.000023 0.999892 0.000042 0.000019 0.000001 0.000002 0.000010 0.000003 0.000046 0.000002 0.999990 0.000601 0.000030
0.000012 0.000002 0.000178 0.000099 0.003158 0.000053 0.000057 0.000654 0.000025 0.000020 0.000233 0.000005 0.000011 0.000158 0.000113 0.000195 0.000030 0.000253 0.000019 0.000000 0.001426 0.000009 0.999784 0.000072 0.000014 0.999993 0.000152 0.000007 0.000030 0.000028 0.000011 0.000002 0.000000 0.000058 0.000011 0.000216 0.002712 0.999703 0.000316 0.001568
0.000341 0.000005 0.000166 0.000027 0.000010 0.000001 0.000056 0.000052 0.000393 0.000271 0.000011 0.000021 0.000018 0.000042 0.000052 0.000013 0.000004 0.000116 0.000144 0.000029 0.000000 0.000026 0.000816 0.000004 0.000056 0.000045 0.000017 0.000018 0.000306 0.000050 0.000008 0.000005 0.000001 0.000058 0.000047 0.000031 0.000013 0.999997 0.000003 0.000002
0.000006 0.000002 0.000021 0.000018 0.000039 0.000129 0.000093 0.000008 0.000160 0.002428 0.000018 0.000005 0.000004 0.000079 0.000052 0.000012 0.000859 0.000026 0.000083 0.000073 0.000090 0.000000 0.999975 0.000083 0.000119 0.992164 0.000083 0.000011 0.999977 0.000058 0.000012 0.000003 0.000002 0.000013 0.000143 0.000063 0.000001 0.999988 0.000104 0.000045
0.000007 0.000049 0.000450 0.000017 0.000039 0.000531 0.000004 0.000002 0.000007 0.048728 0.000066 0.000139 0.000004 0.000008 0.000070 0.000146 0.000031 0.000331 0.000043 0.000017 0.000034 0.000011 0.000000 0.000215 0.000110 0.000030 0.000313 0.000092 0.999853 0.000022 0.395191 0.000000 0.000000 0.000977 0.000083 0.000043 0.000050 0.999963 0.000028 0.000074
0.000000 0.000000 0.000000 0.000000 0.000001 0.000006 0.000000 0.000000 0.000000 0.000001 0.000000 0.000000 0.000000 0.000000 0.000000 0.000000 0.000001 0.000000 0.000000 0.000000 0.000001 0.000001 0.000003 0.000000 0.000001 0.000001 0.000000 0.000000 0.000000 0.000000 0.000000 0.000002 0.000000 0.000000 0.000001 0.000000 0.000000 0.000025 0.000000 0.000000
0.000060 0.000583 0.000051 0.000005 0.000009 0.000858 0.000013 0.000010 0.000029 0.999891 0.000397 0.000016 0.000010 0.000003 0.000314 0.000015 0.000024 0.000085 0.000035 0.000114 0.000076 0.000008 0.983267 0.000312 0.000000 0.999804 0.000039 0.002185 0.999657 0.000110 0.000009 0.018636 0.000001 0.000245 0.000030 0.000120 0.000011 0.999657 0.003927 0.007215
0.000089 0.000048 0.000940 0.013901 0.000086 0.000400 0.000040 0.000023 0.000095 0.999780 0.000153 0.000013 0.000038 0.000354 0.000294 0.000040 0.000024 0.000057 0.000037 0.011778 0.000216 0.000128 0.995395 0.000070 0.000029 0.000000 0.000003 0.000080 0.999996 0.000261 0.000005 0.000002 0.000000 0.000192 0.001615 0.000043 0.000078 0.999993 0.006097 0.000024
0.000006 0.000085 0.000024 0.000686 0.000007 0.000016 0.000003 0.000005 0.000015 0.997608 0.000016 0.000005 0.000014 0.000120 0.000006 0.000029 0.000019 0.000003 0.000093 0.000146 0.000043 0.000048 0.999967 0.000002 0.000005 0.000096 0.000000 0.000005 0.000007 0.000029 0.000000 0.000036 0.000008 0.000227 0.000004 0.000003 0.282171 0.999949 0.000002 0.000010
0.000003 0.000044 0.000054 0.000819 0.000028 0.000375 0.000017 0.001257 0.000046 0.000059 0.897299 0.000005 0.000008 0.414963 0.000038 0.000018 0.127794 0.000004 0.001570 0.065538 0.000716 0.000018 0.000171 0.000040 0.000010 0.000129 0.000027 0.000000 0.000020 0.000044 0.000000 0.000000 0.000009 0.095803 0.000026 0.000147 0.000059 0.833849 0.000015 0.000220
0.000043 0.000389 0.000155 0.000759 0.000041 0.000015 0.000046 0.000082 0.000066 0.880907 0.000009 0.000090 0.000155 0.000067 0.000046 0.000335 0.012315 0.000042 0.000010 0.000041 0.001418 0.000050 0.999970 0.000025 0.000024 0.966835 0.000080 0.000277 0.000000 0.000165 0.000011 0.000002 0.000071 0.000130 0.000052 0.000080 0.000059 0.997152 0.000036 0.000004
0.000035 0.000000 0.000412 0.002270 0.000005 0.000005 0.000011 0.000019 0.000061 0.999978 0.000039 0.000051 0.000283 0.000676 0.000580 0.000862 0.001131 0.000003 0.000243 0.000379 0.000004 0.000003 0.994429 0.000114 0.000193 0.999950 0.000585 0.000020 0.999747 0.000000 0.001514 0.000230 0.000006 0.001037 0.000599 0.000882 0.000103 0.962754 0.000006 0.000069
0.000002 0.000004 0.000090 0.000073 0.000142 0.000201 0.000239 0.000133 0.000356 0.000242 0.000005 0.000166 0.000003 0.000283 0.000327 0.000020 0.000048 0.000217 0.000144 0.000003 0.000015 0.000024 0.430637 0.000007 0.000002 0.999989 0.000013 0.000020 0.000062 0.000112 0.000000 0.000105 0.000024 0.000000 0.000099 0.000006 0.000062 0.999990 0.000022 0.573189
0.000001 0.000017 0.000546 0.000009 0.000074 0.000002 0.000148 0.000035 0.000627 0.999994 0.000038 0.000331 0.000083 0.000015 0.000059 0.000009 0.000001 0.000012 0.000000 0.000042 0.000002 0.000005 0.999433 0.000014 0.000017 0.000063 0.000033 0.000128 0.000195 0.000033 0.001750 0.000000 0.000000 0.000000 0.000010 0.000049 0.000005 0.988415 0.000000 0.000021
0.000000 0.000040 0.017046 0.000007 0.000516 0.000008 0.000002 0.000500 0.000049 0.000605 0.000029 0.000002 0.000033 0.000004 0.000049 0.000002 0.000000 0.000016 0.000036 0.000022 0.000005 0.000144 0.005434 0.000032 0.000081 0.005683 0.000221 0.000015 0.000863 0.000960 0.167483 0.000001 0.000000 0.999849 0.038474 0.000071 0.000032 0.000018 0.000081 0.000090
0.000053 0.000005 0.000050 0.000052 0.000024 0.000022 0.000050 0.000010 0.000046 0.973792 0.000001 0.000227 0.000044 0.000012 0.000072 0.000005 0.000005 0.000376 0.000006 0.000011 0.000005 0.000006 0.999990 0.000035 0.000034 0.999732 0.000035 0.000018 0.000377 0.000009 0.000126 0.000043 0.000001 0.000000 0.000002 0.000028 0.000003 0.999969 0.000031 0.000030
0.000028 0.000515 0.000092 0.000005 0.000009 0.000013 0.000013 0.000009 0.000050 0.000013 0.000128 0.000006 0.000004 0.000012 0.000012 0.000032 0.000025 0.000027 0.000090 0.000002 0.000005 0.000017 0.940086 0.000024 0.000023 0.000335 0.000052 0.000084 0.999920 0.000058 0.000002 0.000003 0.000007 0.000013 0.000000 0.000001 0.000105 0.999982 0.000073 0.000007
0.000000 0.000000 0.000000 0.000000 0.000000 0.000000 0.000000 0.000000 0.000000 0.000000 0.000000 0.000000 0.000000 0.000000 0.000000 0.000000 0.000000 0.000000 0.000000 0.000000 0.000000 0.000000 0.000000 0.000000 0.000000 0.000000 0.000000 0.000000 0.000000 0.000000 0.000000 0.000000 0.000000 0.000000 0.000000 0.000000 0.000000 0.000000 0.000000 0.000000
0.000017 0.000127 0.000007 0.000017 0.000070 0.000011 0.000092 0.000319 0.000006 0.002678 0.000004 0.000010 0.000037 0.000099 0.000074 0.000083 0.000025 0.000125 0.000584 0.000222 0.000017 0.000035 0.988737 0.000010 0.000037 0.999964 0.000020 0.000026 0.000304 0.000069 0.000215 0.000001 0.000000 0.000060 0.000005 0.000005 0.000000 0.989413 0.000017 0.000034
0.000059 0.000021 0.998361 0.000141 0.000059 0.000017 0.000056 0.000037 0.000426 0.000735 0.000227 0.000276 0.000030 0.000082 0.000056 0.000015 0.000019 0.000009 0.000053 0.000063 0.000063 0.000208 0.999658 0.000046 0.000145 0.999509 0.000013 0.000034 0.000455 0.000044 0.000000 0.000043 0.000004 0.000024 0.000032 0.000019 0.000112 0.000000 0.000141 0.000428
0.000344 0.000000 0.001744 0.000002 0.000043 0.000000 0.000056 0.000004 0.000011 0.002671 0.000003 0.000015 0.000322 0.000006 0.000038 0.000001 0.000002 0.999975 0.000030 0.000001 0.000030 0.000423 0.001105 0.000036 0.000002 0.017285 0.004759 0.000038 0.001065 0.000028 0.000000 0.000001 0.000000 0.000001 0.000001 0.000064 0.000007 0.000011 0.000000 0.572606
0.999365 0.000051 0.000044 0.000292 0.000014 0.000004 0.000048 0.000228 0.000062 0.999964 0.000011 0.000105 0.000042 0.000150 0.000029 0.000022 0.000032 0.000160 0.000022 0.000006 0.000010 0.000010 0.999983 0.000264 0.000031 0.999990 0.000003 0.000003 0.999876 0.000146 0.000005 0.000002 0.000013 0.000001 0.000044 0.000028 0.000039 0.999991 0.000017 0.000000
